contentores
101
479183873
420776961
480348682
285910556
128591902
353286182
417998887
433471536
343646769
1234709046
111463993
1202110522
111464007
299599440
111486035
497922646
429378649
480346202
111455340
497870961
409972857
1296455296
285908611
276932744
428215435
428214929
135822995
444026518
420807841
112613540
428214948
1097379494
112617126
112617129
698816683
299604140
428214956
133267119
114310836
474552500
497922743
497870527
343634623
1278758082
26016452
560409287
1279779529
513921227
129953505
1092997350
25620717
480346349
335740661
478862076
25503999
444004614
479520007
25507592
114314002
789711123
773982489
478100766
126402849
25449250
408431396
428217638
481401135
497922352
281726256
299610930
135887160
1110698297
478861632
479412037
128672584
135825227
1207543127
479412063
428215655
413301106
416385396
559928693
128583031
311888764
1236467603
497159066
414249888
1218948004
100118442
111459757
280200621
111428018
1043000773
497334239
697477094
126625255
410769896
497176049
429432820
510745589
497190392
estacoes
101
495503880
475563533
497187343
1296455186
452682268
343646751
495570465
299597867
560975916
492280368
1221804083
480499770
495503930
90380349
497171020
479435852
497690702
111505998
314555992
414976619
474691694
410370674
474787960
417060473
474787961
480333437
285908610
480482949
311888518
285908619
428215437
26015896
138218138
1165603997
314074281
493769386
479512758
111830201
112637633
475873985
479519950
513921231
1092997327
414952165
474800360
299611381
1112148216
506111742
374363395
425743113
789711113
111649548
111503631
429541657
1249809177
480476963
497871140
479188275
432535347
1165384499
112594228
444004660
135857477
475355976
497301850
1264279389
493669216
126542177
497301858
428215652
428215655
412249448
128575849
112618347
126398316
474549109
1216830850
335739273
1264279434
478100881
431654290
414249878
299612591
430006711
424548279
501225920
1223751624
495570380
137897937
1223751635
792643032
1209790946
314074598
429432807
1103427051
126604780
1223751659
1209790958
1263433199
128669170
476009975